0.172414 -0.091063 0.255125 -0.837163 0.434872 -0.499848 -0.042904 -0.059642 -0.635087 -0.458795 -0.105671 0.506513 -0.105105 -0.405678 0.493365 0.408807 0.401635 -0.817805 0.626340 0.580636 -0.246996 -0.008515 -0.671140 0.301865 -0.439651 0.247694 -0.291402 0.873009 0.216212 0.145576 -0.211101 -0.352360 0.227651 -0.118416 0.371816 0.261296 0.017548 0.596692 -0.485722 -0.369530 -0.048807 0.017960 -0.040483 0.111193 0.398039 0.162765 0.408946 0.005343 -0.107523 -0.079821
-0.454847 1.002773 -1.406829 -0.016482 0.459856 -0.224457 0.093396 -0.826833 -0.530674 1.211044 -0.165133 0.174454 -1.130952 -0.612020 -0.024578 -0.168508 0.320113 0.774229 -0.360418 1.483124 -0.230922 0.301055 -0.119924 0.601642 0.694616 -0.304431 -0.414284 0.667385 0.171208 -0.334842 -0.459286 -0.534202 0.533660 -0.379468 -0.378721 -0.240499 -0.446272 0.686113 0.662359 -0.865312 0.861331 -0.627698 -0.569544 -1.228366 -0.152052 1.589123 0.081337 0.182695 -0.593022 0.438300
-0.408797 -0.109333 -0.099279 -0.857098 -0.150319 -0.456398 -0.781524 -0.059621 0.302548 0.202162 -0.319892 -0.502241 -0.014925 0.020889 1.506245 0.247530 0.385598 -0.170776 0.325960 0.267304 0.157673 0.125540 -0.971452 -0.485595 0.487857 0.284369 -0.062811 -1.334082 0.744133 0.572701 1.009871 -0.457229 0.938059 0.654805 -0.430244 -0.697683 -0.220146 0.346002 -0.388637 -0.149513 0.011248 0.818728 0.042615 -0.594237 -0.646138 0.568898 0.700328 0.290316 0.293722 0.828779
-0.583585 0.413481 -0.708189 0.168942 0.238435 0.789011 -0.566401 0.177570 -0.244441 0.328214 -0.319583 -0.468558 0.520323 0.072727 1.792047 -0.781348 -0.636644 0.070102 -0.247090 0.110990 0.182112 1.609935 -1.081378 0.922773 -0.605783 0.793724 0.476911 -1.279422 0.904010 -0.519837 1.235220 -0.149456 0.138923 0.686835 -0.733707 -0.335434 -1.865440 -0.476014 -0.140478 -0.148011 0.555169 1.356662 0.850737 -0.484898 0.341224 -0.056477 0.024663 1.141509 0.742001 0.478773
-0.811262 -1.017245 0.311680 -0.437684 0.338728 1.034527 -0.415528 -0.646984 -0.121626 0.589435 -0.977225 0.099942 -1.296171 0.022671 0.946574 0.204963 0.297055 -0.394868 0.028115 -0.021189 -0.448692 0.421286 0.156809 -0.332004 0.177866 0.074233 0.299713 0.148349 1.104055 -0.172720 0.292706 0.727035 0.847151 0.024006 -0.826570 -1.038778 -0.568059 -0.460914 -1.290872 -0.294531 0.663751 -0.646503 0.499024 -0.804777 -0.402926 -0.292201 0.348031 0.215414 0.043492 0.165281
-0.156019 0.405009 -0.370058 -1.417499 0.120639 -0.191854 -0.251213 -0.883898 -0.025010 0.150738 1.038723 0.038419 0.036411 -0.289871 0.588898 0.618994 0.087019 -0.275657 -0.105293 -0.536067 -0.181410 0.058034 0.552306 -0.389803 -0.384800 -0.470717 0.800593 -0.166609 0.702104 0.876092 0.353401 -0.314156 0.618290 0.804017 -0.925911 -1.002050 -0.231087 0.590011 -0.636952 -0.474758 0.169423 1.293482 0.609088 -0.956202 -0.013831 0.399147 0.436669 0.116759 -0.501962 1.308268
-0.008573 -0.731185 -1.108792 -0.358545 0.507277 -0.050167 0.751870 0.217678 -0.646852 -0.947062 -1.187739 0.490993 -1.500471 0.463113 1.370237 0.218072 0.213489 -0.362163 -0.758691 -0.670870 0.218470 1.641174 0.293220 0.254524 0.085781 0.464454 0.196361 -0.693989 -0.384305 -0.171888 0.045602 1.476064 0.478454 0.726961 -0.642484 -0.266562 -0.846778 0.125562 -0.787331 -0.438503 0.954193 -0.859042 -0.180915 -0.944969 -0.447460 0.036127 0.654763 0.439739 -0.038052 0.991638
-0.848920 0.854581 0.460074 -0.191970 1.003111 -0.328050 -0.987964 -0.654963 -0.498996 0.115237 -0.145178 -0.976774 -0.059079 0.228544 0.283910 0.394485 -0.572788 -1.332000 -1.012090 0.618897 -0.737063 0.099530 -0.882431 -0.039773 0.191949 -0.799636 -0.991204 0.481938 0.148612 0.389334 -0.564094 -0.600745 -0.702098 0.513066 -0.573061 -0.341757 -0.631416 0.357912 -0.875186 0.127902 0.771408 0.002265 0.210156 0.363930 0.541163 0.102271 1.262473 0.202549 -1.057137 0.522372
-0.265480 1.250200 -0.763071 0.655145 0.165510 -0.611691 -0.232268 0.066205 -0.753095 0.741385 0.215548 0.184687 -0.674790 -1.342601 0.567456 -0.294843 -0.890853 -1.272099 -0.771932 1.803591 0.723773 1.207571 0.028307 -0.320969 0.859587 -0.496208 -0.110207 0.975785 0.307724 -0.501153 0.322855 0.611015 0.623668 1.380771 -0.402261 1.299915 0.594850 -0.261877 -0.078045 -0.926717 0.307880 -0.977350 -1.034876 -0.996672 0.334624 1.188101 -0.180576 -0.612098 -0.877966 1.412467
-1.473751 0.556952 0.257988 -0.621594 -0.870683 0.356495 0.113753 -0.824774 0.287202 -0.067808 -0.711129 -0.190346 -0.675339 0.285096 0.830008 0.003992 1.533536 -0.921748 -0.806479 -0.243395 -1.087204 0.852133 0.731527 0.564229 0.275045 0.643737 -0.249489 -0.204675 -0.346246 1.717935 1.615093 -0.352019 0.173370 -0.170987 0.438065 -0.062176 -1.411216 0.169768 -0.692807 -0.258977 1.630446 0.132866 0.012845 -0.747679 1.579052 -0.025103 -0.703871 -0.410215 -0.594772 -0.740332
-0.253269 0.777045 -0.990671 0.343402 0.039508 0.314478 -1.822867 0.229412 -0.280024 -0.178650 0.117097 -0.126484 0.511698 -0.098202 0.686303 -0.434178 0.191024 0.781477 -1.131317 0.206437 0.205734 -0.755623 -0.138898 -0.932570 -1.493068 -0.068337 0.816179 -0.020185 1.248959 -0.293251 1.041887 -0.383771 0.692196 -0.696287 -0.102644 0.163144 -0.470005 0.546924 -0.595913 0.628708 1.248918 0.714093 -0.694964 -0.581867 -1.099064 -0.517639 0.454265 -1.450689 -0.315009 0.213581
-0.828811 0.501172 -0.436329 -0.391668 -0.095651 0.658204 -0.783043 0.547617 -0.321050 -0.487277 -0.007921 -0.169619 -0.103677 0.671219 0.854199 -0.348245 -0.128849 0.592250 -1.141504 0.322739 0.550065 -0.768553 0.362689 -1.116215 -0.768090 -0.572184 0.029423 0.031648 0.876264 0.274442 0.661955 -0.776571 1.519941 0.080510 -0.306904 0.825428 -0.612657 1.122349 -0.337803 0.597761 1.041522 0.765875 -0.243746 -0.534504 -1.607960 -0.343949 -0.120213 -1.538999 -0.241862 0.161923
-1.270549 -0.510147 -0.374508 -0.373790 0.444909 0.118452 -0.107114 -0.441044 0.154017 0.072590 -0.566526 -0.091996 0.043171 0.009954 1.521877 0.550358 0.605541 -0.772862 0.001663 -0.188510 -1.015981 0.469088 0.655485 0.793504 0.372801 -0.670544 0.068964 -0.953515 0.580386 -0.367424 -0.165512 0.697788 0.161038 0.832878 -0.755806 0.390335 -1.154289 -0.652714 -1.235100 0.247303 1.469882 -0.604719 -0.682523 -0.953377 -0.095430 0.053474 0.299021 0.462050 0.414746 0.340509
-0.364120 0.776270 -0.017661 0.131020 -0.694414 0.552316 0.358673 -0.497418 -0.504545 0.348219 -0.753452 0.706687 0.564422 -0.322843 1.507390 0.051417 0.748882 -0.092544 -0.567773 0.500911 -0.270268 0.102922 -0.203380 0.079953 0.259397 -1.226612 -0.132864 0.344576 1.295479 -0.266496 0.848693 -0.336361 -0.017121 0.801002 -0.771467 -0.662431 -0.580417 -0.373366 -0.826934 -0.830317 1.049227 -0.124006 0.373372 -1.109198 -0.559893 0.063080 0.980374 0.757569 -0.306181 -0.033192
-0.660672 -0.062994 0.132118 -0.831045 0.060399 0.248298 -0.305974 0.890081 0.034934 -0.043202 0.400090 -0.010551 -0.011345 0.087950 1.062050 -0.056189 0.221939 -1.081086 -0.986084 0.284406 0.142099 -0.271011 -0.298803 0.558820 -0.016395 0.379440 1.029866 0.445956 0.308795 -0.041335 0.183119 -0.340329 -0.460591 0.034970 -0.690770 -0.364630 -0.570841 -0.041783 0.071104 0.362682 -0.901297 1.452945 0.435698 -0.240834 0.652129 1.474776 0.918265 -0.072282 -0.523458 -0.322469
-0.964017 0.846269 -0.858861 -1.254781 -0.515683 -1.046586 0.217037 0.099588 -0.230615 -0.512659 -1.600401 -0.852798 0.107561 0.678659 1.552820 0.928140 -0.573789 -0.188565 -0.086787 0.263088 0.025196 0.334241 -1.269570 -0.161509 0.631798 -0.801194 -0.566636 -1.127311 0.822885 0.490914 0.000480 -0.192272 1.359400 0.474450 -0.237747 0.032153 -0.864023 0.323382 -0.555146 1.413228 0.156526 -0.132043 -0.337401 -0.037572 -0.078078 0.259457 0.692352 0.293057 1.026436 1.283217
-0.044206 -0.069502 -0.064550 -0.809048 0.661946 -0.064747 0.238221 -0.492569 0.333798 -0.582243 -0.997769 0.105977 -0.186977 -0.039267 1.465361 0.330182 0.842935 -0.448564 -0.315368 -0.549646 -0.729069 1.138076 0.504983 0.370493 1.264745 -0.058214 -0.107856 -0.937612 -0.200246 -0.352671 -0.529162 0.837817 0.559334 0.039262 -1.111645 0.319515 -0.653394 -0.000678 -0.814794 -0.134081 0.840303 -0.327459 -0.606306 -0.299979 0.241049 0.593047 0.838393 0.549169 -0.421856 0.788397
-0.273796 0.303159 -0.674286 -1.076666 0.694644 -0.668250 -0.208686 0.010397 0.739304 0.068155 -0.041848 0.991771 0.072258 0.789066 0.577426 -0.503318 0.883910 -0.793714 -0.415132 1.010714 -0.242343 0.672229 0.565326 0.367891 -0.566552 -0.369412 0.377931 -0.455830 0.466921 -0.252720 0.223343 0.008076 0.847986 0.411592 -1.154156 -0.557257 -1.133696 -0.772827 -0.640896 -0.003850 1.500125 -0.513175 -0.429084 -0.916341 0.039928 -0.134108 -0.138553 0.043369 0.695416 0.144478
-1.154755 0.684992 -1.101317 0.219637 0.076301 0.129871 0.199325 -0.052660 -0.145969 0.251824 -1.482963 0.520291 -0.001375 0.379992 1.173054 0.684997 1.119925 0.111264 -0.641225 0.273991 -0.400044 0.537386 0.591481 0.298686 -0.539676 -0.818959 0.717495 -0.285772 0.812017 -0.100312 1.216204 0.223708 0.708218 1.473104 -0.867730 -1.055769 -1.161233 -1.188802 -0.711397 0.099230 0.910102 -1.120750 0.321951 -0.095370 -0.452987 0.271256 0.687247 0.959825 0.130611 0.137640
-0.233935 0.026467 0.619065 -0.615479 -0.066429 -0.429166 -1.109110 0.553993 0.085629 1.643976 0.591637 -0.268414 -0.667531 -0.408903 -0.188706 0.550086 -0.055041 -0.378832 -0.593169 -0.723416 -1.097558 0.163508 -0.339286 -0.091649 0.896617 0.573599 -0.039646 1.365997 1.170006 -0.732226 0.483510 0.794695 1.591706 -0.865489 -1.513517 -0.442402 -0.201075 0.310580 -0.948287 -0.381346 0.531018 0.420686 0.121288 -1.742755 0.426478 1.756478 0.550233 -0.680856 1.043785 0.444260
-0.395803 0.304658 -0.604848 -0.561668 -0.618067 0.305638 0.104769 -1.477386 -0.186450 -0.388207 -0.036239 1.182936 1.556221 -0.418535 0.297396 -1.478287 0.950940 -1.012485 -0.332439 -0.068662 -0.189579 0.627042 -0.240090 -0.298638 -0.656780 0.496702 0.702804 -0.226687 1.008368 0.599185 -0.138743 0.222063 0.542543 0.000025 0.758446 -0.717764 1.130849 -0.232606 0.567305 1.094460 -0.514916 0.586922 0.355280 -0.445342 -0.678605 1.150175 -0.278893 -0.847335 -1.148285 -0.807161
0.273346 0.205699 0.163011 0.219555 0.043820 1.418042 0.024467 -1.385981 0.628193 -1.018824 -0.438372 -0.290558 -0.175965 -0.560884 1.394268 -0.346881 0.240303 -0.547239 -0.106059 1.093728 -1.008682 0.159623 -0.717466 0.790823 0.170103 0.859136 0.245949 -0.681001 1.197476 0.528132 0.579572 -0.064662 0.635869 0.793734 -0.138231 0.150410 -0.232984 0.504642 0.565945 -0.067691 0.325883 0.018329 0.460982 -0.438787 -0.195197 2.396823 -0.091621 0.949657 -0.350543 -0.056759
-0.062853 -0.105220 -0.249000 -0.363766 0.243660 0.280060 -0.064778 -0.407849 -0.776300 -0.002310 -1.429949 0.825130 -0.396062 -0.249574 1.163897 0.971333 0.107569 0.429997 -0.674368 0.155231 -0.154766 0.665783 0.503938 0.406984 -0.045801 -0.226834 1.117258 -0.521728 0.562335 -0.158987 -0.312484 0.409094 1.055814 0.093945 -0.934897 -0.381308 -0.389961 -0.169484 -1.094041 0.024032 0.768077 -0.642347 -0.351656 -0.379090 0.167096 0.087663 1.357999 -0.368095 0.438427 -0.006175
-0.481481 0.054791 -0.201715 -0.637870 -0.870067 0.700544 0.068813 0.306364 -0.874332 -0.285800 -0.921852 0.444352 1.093331 -0.941110 0.942646 -1.101133 0.668862 -0.954478 -0.779707 -0.140845 0.123232 -0.164830 0.316918 0.215574 -0.675264 0.186794 -0.196739 0.490596 -0.283100 0.710842 -0.188713 -0.180631 -0.504723 0.105982 -0.328046 0.052079 0.581962 0.968060 1.122966 0.333798 -0.051428 0.902124 0.457543 -0.499500 -0.884131 1.385033 -0.268435 -0.826224 -1.922191 -0.580229
-0.514506 0.837510 -0.922245 0.142523 0.732482 -1.145072 -0.691408 -0.576945 -0.335480 1.179232 0.784097 0.449554 -0.245748 -1.519245 -0.917190 -1.004044 0.265291 -0.571037 -0.649351 0.796422 -0.718757 1.358981 0.851098 -0.181582 1.239303 0.635699 0.009322 0.588214 -0.127563 0.253540 -0.566047 0.599701 0.697004 0.095515 -0.429472 -0.172887 -0.305952 -0.331786 -0.126473 -0.363948 1.038034 0.153794 -0.496856 -0.559505 -0.348962 1.079804 -0.757452 -0.268457 0.324568 -0.523476
-0.274786 0.591350 -0.034572 -0.180323 0.082948 0.180692 0.232743 -0.590733 0.039113 -0.770446 -1.378054 0.564156 -1.385152 0.090240 1.375018 0.564158 -0.373963 0.343853 -1.406236 -0.130024 -0.878877 1.317453 0.781356 0.484648 0.805827 -1.801640 0.283298 -0.543098 0.357824 -0.597230 0.615405 1.357546 -0.534421 0.330051 -0.079063 0.432448 -1.299255 0.712063 -0.834268 -0.490574 1.232467 -0.478588 -0.332079 -0.877924 0.360568 0.880339 0.622161 -0.044073 -0.130719 0.203372
-1.174899 1.994181 -0.946255 0.220976 0.503569 -0.604771 -0.364218 -0.470857 -1.188337 0.605192 0.119940 -0.268975 -1.232165 -0.754406 1.049920 0.457815 -0.323992 -1.016648 -1.213780 2.042783 0.979615 -0.048733 0.532081 0.124719 0.300552 -0.740485 -0.474438 0.015093 0.136370 -0.526460 -0.965704 1.527381 2.269088 1.485477 0.640171 1.129102 -0.095151 -1.215487 0.082345 -0.990239 1.543176 1.144776 -0.617046 -0.071058 0.999157 0.040815 -1.644232 -0.050591 -1.040076 0.309729
-0.513676 -0.176658 -0.306729 -0.061160 -0.015179 1.076329 -0.403151 0.477849 -0.405894 0.397691 -0.209201 0.125207 0.202916 -0.030917 0.960376 0.054986 -0.070141 0.258122 -1.028733 0.878371 0.994209 -0.977471 0.959579 -1.030665 -1.528569 -0.707037 -0.175786 -0.191811 1.037022 -0.077485 0.714191 -1.049500 0.883332 0.423994 -1.017746 0.731258 -0.962583 0.609786 -1.126175 1.426275 0.853339 0.511227 -0.487789 -0.835416 -0.866742 -0.367816 0.409789 -1.843174 -0.034492 -0.540783
-0.322468 0.313566 -1.372870 0.485116 -0.137362 0.466845 -1.113230 -0.052961 0.395293 0.646506 -0.311090 -0.244089 0.123805 -0.527221 0.851844 -0.093310 0.112508 0.196133 -1.022596 0.357244 0.377757 -1.149644 0.452632 -1.322633 -1.619000 -0.290502 0.259221 0.101398 0.885794 -0.224025 0.694099 -0.466129 0.796215 -0.218686 -0.275134 0.523510 -0.619336 0.432221 -0.773563 0.766854 0.757716 0.491864 -0.296731 -1.021687 -0.486204 -0.848756 0.887133 -1.543038 -0.042408 -0.145906
-0.580260 0.126762 -0.026496 -0.790045 0.426384 1.142974 -0.103152 -1.207152 -0.603814 -0.601033 0.112530 -0.271678 -0.140132 0.353575 1.252483 -0.669284 0.046796 -0.975357 -0.467175 1.227010 -0.534235 -0.314734 0.599170 1.310293 -0.171364 0.441228 -0.048594 -1.488534 0.915445 1.062938 0.791311 0.041910 -0.027489 0.606936 -0.237764 -0.216502 0.122271 -1.052624 0.699015 -0.346411 -0.044301 0.911589 0.219789 0.329169 0.300981 1.960560 0.098748 1.325730 -0.792402 -0.528797
